659
-15713 1242 -6418 -8256 14362 -141 28913 -29719 27052 -24512 11635 -8211 -13877 144 16026 15683 28730 -17052 16908 8058 -6945 23945 3474 -13262 -15799 18304 18841 -28442 -17578 -11182 7092 -19580 29968 -28867 24856 23511 -28382 20340 -31007 -24658 16242 -30969 -8133 32471 1034 -19856 -22574 31893 7243 -8952 26398 -3455 27835 6903 23935 -13002 -12615 2516 -13023 10611 -24510 27869 -28656 -26807 -6739 -28899 -26886 -12441 -12831 2233 2204 -10335 -14749 -5048 10704 3349 10028 5182 -738 28681 -1936 -30251 -8120 -1357 -16498 25955 -27741 -569 25307 13390 -20350 3046 3517 -21083 -21740 -13748 -24683 -21112 26653 4037 32027 -412 -7850 17791 -7019 -3390 -4818 19470 10969 14811 19958 -8415 -1354 -10612 -17179 6182 -12676 -12813 -22891 15194 -13748 17455 1716 -14260 -31209 -24935 -31208 -23731 14998 -8901 -21915 -10907 -2836 20317 31368 -28913 26654 -714 -25101 32000 -23123 25510 2218 -22616 -10424 -27155 26758 -5961 -6963 -13877 -1002 14189 -19729 30390 -32707 -3611 3969 -24385 20004 -18165 23574 -12039 -26818 29275 -22345 18237 7031 9205 -25333 -20891 24256 8493 16601 30431 -16959 -8114 17690 -9544 -26425 5111 -6334 -26396 -2840 -4018 3122 18723 -8682 -12381 -31173 20777 225 7608 14379 1151 6353 -6214 7419 -32379 16566 -6091 -3888 5876 -4139 31188 -10668 6342 18931 -16431 28080 -2132 -22132 24431 -1382 -31233 -20023 -7529 -5720 30902 5226 32698 -9206 -31839 -350 19007 -531 -28782 -7433 3482 -22376 -19031 27013 -17844 12304 12306 -15759 2102 8202 -11932 12040 -17166 -30139 118 3448 2801 31850 -25636 -27782 -31187 -20161 687 -16001 7536 -14674 26148 32475 30151 -11536 19 27817 921 16850 16401 21796 -26351 18644 -14903 28202 3473 28469 23968 -16574 29072 28794 15086 9091 -26557 -22793 23238 -17733 32303 22703 -9295 18289 27329 -9499 21431 26776 -2449 27745 175 -16112 -27523 -22392 -13546 723 -29884 7356 4769 26942 -2855 -8812 -2834 3667 -21748 12589 9469 28632 1811 13958 -21285 -30645 17341 5986 23253 -5753 2284 -4753 -19033 -28118 -11998 -13126 -32640 2849 -30358 21402 -15905 12755 -10331 -12040 22163 13835 -16951 1264 23603 -26377 -13945 -19221 27617 -2484 14900 -28702 643 25365 9150 11800 -25474 21210 22833 -27890 3912 -32212 20205 13568 -18888 -2169 -5652 -12665 -12534 24931 31501 -17145 -25418 -7119 -13314 8703 13889 23071 8034 4464 31964 -18520 4703 -8467 -24096 -9893 -14193 19 15252 -25554 -31953 -24448 -10182 -18386 -4863 -25806 -27846 11834 31548 11348 -8873 -20675 -9745 23502 22024 -8652 8646 -17627 -15998 -14037 22764 -6016 1326 17157 24788 -9380 6970 8613 -22550 12434 8269 28835 21771 -21882 22802 15120 -25682 30192 13754 13219 5967 16235 -26747 -32564 8871 -15559 -3084 3905 3269 -30915 23081 3180 -27737 12420 29205 -20730 14036 -5649 -12051 -29526 7917 8917 -3820 24716 -799 31264 -10348 1743 27688 -23462 12773 -4084 7051 -9726 6059 11252 -10767 -26916 8854 -27502 -13887 2296 11907 -10787 8936 -28605 28883 -2424 -26013 -20634 20202 -31479 25910 31260 17585 -23246 26701 14515 23317 -6734 5056 18737 -11910 31341 -31026 -23374 1401 -22085 -13706 9254 30438 -32147 -8050 -184 -8394 -7994 1497 10345 -28327 17341 32369 28544 28671 22472 17458 6568 16093 -18087 9685 -15473 -30284 9421 -1114 12751 14557 27215 -24963 -6810 18213 -15718 -32343 28940 9789 19697 -2464 -11077 -22080 15089 -24172 -28106 -6353 -5899 -21136 19970 -18323 -26889 -5408 -9400 -15022 -19289 7416 28828 -16209 5517 10039 18626 7722 -5849 17855 24354 -12784 24728 -32182 4886 -3546 8391 30215 -5087 -13349 -3208 -13794 -4895 -23697 23201 29496 1888 -19172 -19963 -28992 -32396 -13670 20515 28405 116 15204 -7116 9622 330 -27566 -30539 22308 25638 -23321 32538 -27879 -3460 -19197 85 9706 -1476 24503 25408 -21882 11177 26408 -9663 12715 -30427 -12084 26077 -12755 -19045 -27717 31814 32013 -22327 -12230 -9932 26807 3749 -28328 17126 1780 9446 6112 6188 17707 -9111 15078 13020 6790 -3126 15928 -20056 18036 2727 9685 -20390 7976 -14257 27075 20463 28696 -27522 23689 14080 26750 -8231 8629 -26060 6618 -25621 -13400 -28904 -1646 -23715 32133 -27406 -16321 22670 31446 -16283 -5405 29299 -29927 7440 21009 17240 -17880 -28565 
7
I 414 283
Q 360 660
D 480
Q 562 657
Q 135 504
Q 134 218
I 259 113
